596.7968  599.8792  601.0154  598.8516  599.5319  601.3659  608.1241  612.2243  612.7099  610.8320  608.9013
595.7369  598.7838  599.9088  597.7672  598.4401  600.2560  606.9653  611.0474  611.5313  609.6603  607.7385
595.6449  598.6771  599.7969  597.6652  598.3350  600.1426  606.8248  610.8926  611.3749  609.5103  607.5952
595.6660  598.6877  599.8038  597.6793  598.3467  600.1483  606.8087  610.8637  611.3445  609.4857  607.5766
595.8727  598.9265  600.0545  597.9073  598.5820  600.4026  607.1340  611.2323  611.7183  610.4606  610.6071
595.6078  598.6734  599.8057  597.6504  598.3276  600.1553  617.6655  638.4084  650.0070  654.5066  654.4011
595.2225  598.2837  599.4144  597.2620  597.9384  620.8967  657.9989  685.8593  697.6581  699.7888  697.3683
594.3638  597.4172  598.5450  596.3982  597.0728  604.9788  674.0013  726.6057  739.5557  740.5798  736.6477
594.1031  597.1254  598.2416  596.1168  596.7844  599.8494  619.1194  641.7832  656.0223  665.6732  667.5075
594.4926  597.4696  598.5692  596.4761  597.1337  599.1693  608.3517  616.2568  619.6398  620.2367  619.1343
593.9211  596.8856  597.9806  595.8963  596.5511  598.3724  605.4508  610.2446  611.3238  610.0054  608.2927
593.1046  596.0607  597.1526  595.0742  595.7272  597.5007  604.1295  608.2663  608.8631  607.1492  605.3143
592.3626  595.3141  596.4042  594.3291  594.9811  596.7430  603.2723  607.2686  607.7646  605.9706  604.1125
591.6962  594.6439  595.7325  593.6602  594.3113  596.0691  602.5712  606.5344  607.0090  605.2001  603.3391
591.1077  594.0514  595.1387  593.0690  593.7192  595.4744  601.9643  605.9166  606.3862  604.5761  602.7164
590.5240  593.4625  594.5479  592.4819  593.1310  594.8829  601.3605  605.3045  605.7725  603.9648  602.1082
589.9174  592.8499  593.9330  591.8712  592.5190  594.2673  600.7313  604.6669  605.1337  603.3296  601.4767
589.3350  592.2599  593.3403  591.2838  591.9299  593.6738  600.1211  604.0466  604.5121  602.7126  600.8646
588.7891  591.7054  592.7827  590.7322  591.3764  593.1151  599.5436  603.4575  603.9217  602.1275  600.2849
588.3173  591.2257  592.3000  590.2551  590.8976  592.6316  599.0425  602.9458  603.4087  601.6194  599.7817
587.8674  590.7688  591.8405  589.8005  590.4415  592.1713  598.5666  602.4603  602.9221  601.1371  599.3040
587.4447  590.3395  591.4087  589.3734  590.0129  591.7387  598.1194  602.0042  602.4649  600.6841  598.8551
587.0075  589.8953  590.9619  588.9316  589.5695  591.2912  597.6566  601.5320  601.9916  600.2151  598.3905
586.5967  589.4780  590.5423  588.5164  589.1530  590.8708  597.2221  601.0889  601.5475  599.7749  597.9544
586.1636  589.0387  590.1006  588.0792  588.7143  590.4284  596.7657  600.6240  601.0815  599.3129  597.4964
585.7159  588.5847  589.6442  587.6273  588.2610  589.9713  596.2947  600.1446  600.6011  598.8364  597.0238
585.2802  588.1428  589.2001  587.1874  587.8198  589.5264  595.8361  599.6776  600.1331  598.3721  596.5636
584.8365  587.6931  588.7482  586.7397  587.3708  589.0739  595.3705  599.2042  599.6588  597.9014  596.0966
584.3571  587.2075  588.2602  586.2562  586.8859  588.5852  594.8679  598.6930  599.1466  597.3932  595.5923
583.9323  586.7773  587.8282  585.8279  586.4564  588.1526  594.4238  598.2418  598.6946  596.9443  595.1468
583.4955  586.3344  587.3829  585.3870  586.0140  587.7065  593.9641  597.7737  598.2255  596.4791  594.6855
583.0496  585.8830  586.9296  584.9374  585.5634  587.2526  593.4981  597.3005  597.7515  596.0084  594.2182
582.6202  585.4481  586.4925  584.5043  585.1290  586.8149  593.0480  596.8428  597.2928  595.5532  593.7667
582.1827  585.0049  586.0472  584.0630  584.6865  586.3690  592.5895  596.3767  596.8258  595.0897  593.3067
581.7411  584.5579  585.5983  583.6179  584.2401  585.9194  592.1282  595.9082  596.3564  594.6237  592.8441
581.2952  584.1067  585.1451  583.1684  583.7895  585.4657  591.6630  595.4360  595.8834  594.1538  592.3775
580.8293  583.6355  584.6720  582.6990  583.3189  584.9919  591.1772  594.9431  595.3896  593.6633  591.8904
580.3670  583.1680  584.2025  582.2332  582.8519  584.5218  590.6956  594.4543  594.9000  593.1770  591.4074
579.9103  582.7060  583.7386  581.7730  582.3906  584.0574  590.2197  593.9716  594.4164  592.6966  590.9302
579.4486  582.2392  583.2699  581.3079  581.9244  583.5881  589.7390  593.4839  593.9280  592.2113  590.4482
578.9891  581.7745  582.8033  580.8449  581.4602  583.1208  589.2606  592.9985  593.4418  591.7283  589.9684
578.5145  581.2951  582.3221  580.3672  580.9814  582.6392  588.7681  592.4995  592.9420  591.2315  589.4747
578.0129  580.7881  581.8132  579.8619  580.4750  582.1296  588.2468  591.9711  592.4127  590.7054  588.9521
577.5274  580.2977  581.3209  579.3732  579.9851  581.6367  587.7429  591.4604  591.9013  590.1971  588.4469
577.0311  579.7966  580.8181  578.8737  579.4846  581.1334  587.2291  590.9403  591.3804  589.6791  587.9319
576.5818  579.3428  580.3626  578.4214  579.0313  580.6774  586.7631  590.4681  590.9075  589.2091  587.4647
576.0810  578.8365  579.8542  577.9169  578.5256  580.1685  586.2421  589.9398  590.3783  588.6832  586.9423
575.2204  577.9708  578.9866  577.0529  577.6605  579.3002  585.3625  589.0534  589.4911  587.7992  586.0615
574.5468  577.2932  578.3076  576.3767  576.9834  578.6207  584.6743  588.3597  588.7968  587.1074  585.3723
574.0770  576.8191  577.8319  575.9040  576.5097  578.1446  584.1887  587.8685  588.3048  586.6180  584.8856
573.6389  576.3762  577.3872  575.4627  576.0674  577.6993  583.7327  587.4060  587.8416  586.1577  584.4283
573.2116  575.9437  576.9528  575.0320  575.6355  577.2643  583.2864  586.9527  587.3875  585.7068  583.9807
572.7867  575.5145  576.5219  574.6041  575.2067  576.8329  582.8453  586.5056  586.9397  585.2618  583.5385
572.3540  575.0766  576.0822  574.1680  574.7694  576.3926  582.3936  586.0471  586.4803  584.8056  583.0855
571.8779  574.5957  575.5995  573.6887  574.2891  575.9094  581.8997  585.5466  585.9791  584.3073  582.5903
571.4051  574.1183  575.1204  573.2128  573.8121  575.4297  581.4099  585.0507  585.4824  583.8134  582.0994
570.9295  573.6381  574.6385  572.7342  573.3325  574.9473  580.9175  584.5522  584.9832  583.3170  581.6058
570.4365  573.1407  574.1395  572.2382  572.8356  574.4478  580.4082  584.0369  584.4672  582.8038  581.0954
569.9459  572.6458  573.6429  571.7448  572.3411  573.9507  579.9016  583.5245  583.9540  582.2933  580.5876
569.4324  572.1280  573.1236  571.2285  571.8239  573.4309  579.3723  582.9893  583.4183  581.7602  580.0573
568.9237  571.6150  572.6090  570.7169  571.3113  572.9158  578.8478  582.4592  582.8874  581.2319  579.5317
568.5244  571.2206  572.2164  570.3208  570.9164  572.5238  578.4664  582.0844  582.5134  580.8549  579.1516
568.3149  571.0398  572.0462  570.1305  570.7324  572.3569  578.3626  582.0189  582.4524  580.7764  579.0551
567.8408  570.5684  571.5757  569.6581  570.2606  571.8867  577.8984  581.5583  581.9922  580.3146  578.5916
567.3188  570.0436  571.0500  569.1343  569.7361  571.3607  577.3663  581.0225  581.4561  579.7800  578.0587
566.6693  569.3902  570.3952  568.4822  569.0832  570.7054  576.7025  580.3536  580.7866  579.1129  577.3940
566.1274  568.8445  569.8480  567.9377  568.5380  570.1578  576.1465  579.7924  580.2247  578.5534  576.8372
565.5074  568.2203  569.2224  567.3150  567.9142  569.5317  575.5112  579.1516  579.5833  577.9146  576.2021
564.9274  567.6364  568.6370  566.7324  567.3308  568.9458  574.9166  578.5515  578.9825  577.3163  575.6071
564.3906  567.0955  568.0945  566.1928  566.7903  568.4029  574.3646  577.9941  578.4245  576.7607  575.0545
563.8980  566.5988  567.5963  565.6975  566.2941  567.9042  573.8569  577.4808  577.9106  576.2494  574.5460
563.4088  566.1056  567.1016  565.2056  565.8013  567.4091  573.3530  576.9716  577.4006  575.7426  592.5760
562.9052  565.5980  566.5926  564.6993  565.2942  566.8996  572.8347  576.4479  576.8764  575.2214  609.1993
562.4308  565.1198  566.1130  564.2225  564.8165  566.4196  572.3461  575.9542  576.3823  596.7921  638.2736
561.9170  564.6020  565.5937  563.7059  564.2991  565.8998  571.8177  575.4205  575.8483  614.0927  669.8926
561.3912  564.0723  565.0626  563.1776  563.7698  565.3682  571.2776  574.8751  575.3024  624.8644  699.0282
560.8777  563.5551  564.5439  562.6616  563.2530  564.8492  570.7501  574.3425  574.7693  631.5867  725.6942
560.3396  563.0132  564.0007  562.1210  562.7115  564.3055  570.1981  573.7856  594.9222  657.6080  749.7831
559.7704  562.4401  563.4262  561.5492  562.1389  563.7306  569.6148  573.1974  613.9852  691.7819  772.7292
559.1772  561.8433  562.8279  560.9535  561.5424  563.1319  569.0079  572.5856  625.2983  722.7507  793.9131
558.6078  561.2702  562.2535  560.3817  560.9698  562.5571  568.4250  571.9979  632.4309  751.4713  814.1443
557.9973  560.6561  561.6381  559.7687  560.3561  561.9412  567.8011  571.3691  636.6799  777.9564  833.2222
557.3906  560.0458  561.0265  559.1597  559.7462  561.3292  567.1813  588.0379  657.5985  801.4841  850.4554
556.7808  559.4325  560.4119  558.5475  559.1333  560.7142  566.5587  610.8588  692.9398  822.8096  866.2947
556.1351  558.7833  559.7614  557.8995  558.4845  560.0633  565.9000  626.3292  726.2834  843.6598  882.3767
555.5037  558.1484  559.1252  557.2659  557.8500  559.4268  565.2559  636.5749  756.4731  863.2603  898.0074
554.8494  557.4907  558.4662  556.6092  557.1927  558.7673  564.5887  643.6835  784.9544  882.4435  913.7475
554.2150  556.8528  557.8271  555.9725  556.5552  558.1278  563.9418  648.5869  810.8888  900.6365  929.1217
553.5535  556.1879  557.1609  555.3087  555.8907  557.4612  563.2676  651.9209  835.0932  918.2079  944.3463
552.8871  555.5182  556.4900  554.6402  555.2214  556.7900  562.5891  654.2308  857.0850  934.7649  959.0280
552.2185  554.8463  555.8168  553.9694  554.5498  556.1165  561.9083  655.9330  877.5366  950.7490  973.5143
551.5298  554.1543  555.1236  553.2784  553.8582  555.4228  561.2073  657.1531  896.9710  966.5021  987.8912
550.8493  553.4705  554.4387  552.5958  553.1748  554.7375  568.2985  666.5954  913.7480  980.6390  1000.956
550.1542  552.7722  553.7391  551.8985  552.4768  554.0377  589.9895  701.4749  928.6792  992.8900  1012.663
549.4455  552.0602  553.0259  551.1876  551.7652  553.3242  604.0829  735.1943  944.0991  1006.004  1025.425
548.7343  551.3459  552.3104  550.4744  551.0513  552.6084  612.7921  765.6719  958.8762  1019.028  1038.212
547.9734  550.5818  551.5452  549.7114  550.2875  551.8428  618.5253  794.9504  973.8508  1032.614  1051.649
547.2038  549.8091  550.7713  548.9396  549.5151  551.0685  622.1895  822.2089  988.4672  1046.351  1065.326
546.4357  549.0379  549.9990  548.1695  548.7443  550.2960  624.4135  847.1298  1002.267  1059.869  1078.870
545.6254  548.2245  549.1845  547.3571  547.9313  549.4811  625.6508  870.6297  1015.884  1073.437  1092.548
544.8076  547.4038  548.3627  546.5374  547.1109  548.6589  626.5322  892.4892  1029.316  1087.020  1106.304
544.0233  546.6166  547.5744  545.7512  546.3240  547.8703  627.2027  913.1898  1042.848  1100.883  1120.389
543.2175  545.8078  546.7645  544.9434  545.5156  547.0601  627.6043  933.0336  1056.499  1115.052  1134.842
542.3972  544.9846  545.9402  544.1212  544.6927  546.2354  627.6925  951.3562  1069.655  1128.881  1149.020
541.5817  544.1661  545.1207  543.3036  543.8746  545.4156  627.6388  968.2181  1082.280  1142.303  1162.851
540.7377  543.3193  544.2728  542.4577  543.0280  544.5673  627.4508  984.2524  1094.819  1155.781  1176.807
539.9060  542.4848  543.4373  541.6242  542.1938  543.7315  627.2418  998.6387  1106.810  1168.800  1190.340
539.0479  541.6238  542.5752  540.7642  541.3332  542.8691  627.0129  1012.562  1118.838  1181.989  1204.093
538.2042  540.7773  541.7277  539.9186  540.4871  542.0214  626.7677  1025.413  1130.305  1194.679  1217.364
537.3599  539.9303  540.8796  539.0725  539.6403  543.3003  632.9254  1037.468  1141.500  1207.295  1230.641
536.5641  539.1317  540.0800  538.2748  538.8421  558.6691  663.7253  1047.132  1150.730  1218.258  1242.458
535.7906  538.3554  539.3027  537.4995  538.0662  572.5778  693.3965  1057.802  1160.923  1229.777  1254.629
534.9945  537.5565  538.5027  536.7015  537.2676  581.9294  722.0238  1069.088  1171.858  1241.945  1267.399
534.2088  536.7681  537.7133  535.9140  536.4795  587.9060  748.2462  1080.264  1182.808  1254.014  1280.009
533.3992  535.9557  536.9000  535.1026  535.6675  591.9189  773.4659  1091.871  1194.302  1266.589  1293.100
532.6041  535.1580  536.1011  534.3057  534.8701  594.4921  796.6911  1103.396  1205.838  1279.132  1306.117
531.7881  534.3393  535.2815  533.4879  534.0516  596.1534  818.9279  1115.208  1217.780  1292.055  1319.505
530.9855  533.5341  534.4753  532.6836  533.2468  597.1559  839.3940  1126.817  1229.626  1304.838  1332.729
530.1605  532.7064  533.6467  531.8568  532.4194  597.7726  859.1085  1138.746  1241.901  1318.061  1346.402
529.3307  531.8740  532.8133  531.0253  531.5873  598.0617  877.5722  1150.594  1254.192  1331.294  1360.088
528.5151  531.0558  531.9941  530.2079  530.7693  598.1423  894.5986  1162.155  1266.273  1344.307  1373.552
527.6827  530.2209  531.1583  529.3738  529.9348  598.0996  910.9850  1173.918  1278.658  1357.654  1387.365
526.8600  529.3956  530.3322  528.5494  529.1098  597.9288  926.0440  1185.293  1290.723  1370.679  1400.849
526.0087  528.5419  529.4775  527.6965  528.2563  597.6867  940.6568  1196.894  1303.111  1384.074  1414.725
525.1683  527.6990  528.6337  526.8544  527.4137  597.4114  954.2256  1208.203  1315.265  1397.245  1428.382
524.3389  526.8672  527.8010  526.0235  526.5822  597.0743  967.0386  1219.377  1327.339  1410.368  1441.977
523.5458  526.0716  527.0045  525.2287  525.7869  596.5195  978.9402  1230.100  1338.987  1423.089  1455.198
522.7598  525.2831  526.2151  524.4410  524.9987  596.0279  989.9819  1240.690  1350.534  1435.699  1468.234
521.9850  524.5060  525.4371  523.6647  524.2219  595.5836  1000.325  1251.034  1361.864  1448.014  1480.976
521.1815  523.7001  524.6302  522.8596  523.4162  595.2245  1010.433  1261.555  1373.456  1460.527  1493.890
520.3801  522.8963  523.8256  522.0566  522.6127  594.8910  1019.837  1271.741  1384.743  1472.697  1506.438
519.5536  522.0674  522.9958  521.2286  521.7841  594.5746  1028.957  1282.006  1396.079  1485.009  1519.188
518.7331  521.2446  522.1721  520.4064  520.9615  594.3042  1037.388  1291.936  1407.013  1496.926  1530.811
517.9150  520.4243  521.3510  519.5869  520.1414  593.9584  1045.227  1301.479  1417.538  1508.442  1541.602
517.0543  519.5612  520.4870  518.7246  519.2786  593.5081  1052.732  1310.958  1428.032  1519.964  1552.605
516.2019  518.7065  519.6315  517.8707  533.8589  611.0927  1060.068  1320.287  1438.357  1530.752  1563.613
515.3083  517.8107  518.7349  516.9757  521.1512  633.3747  1066.336  1329.041  1448.476  1540.904  1574.961
514.4352  516.9354  517.8587  516.1010  519.2759  653.6544  1071.669  1336.948  1457.828  1550.559  1585.851
513.5371  516.0350  516.9575  515.2015  538.1959  675.8915  1079.461  1346.313  1468.279  1560.976  1597.373
512.6406  515.1363  516.0580  514.3036  551.4894  697.2138  1088.135  1356.258  1479.150  1571.725  1609.079
511.7502  514.2437  515.1646  513.4117  560.7355  717.3561  1096.978  1366.292  1490.060  1582.650  1621.007
510.8555  513.3469  514.2670  512.5156  567.2827  736.6527  1106.055  1376.515  1501.104  1593.879  1633.200
509.9561  512.4453  513.3646  511.6149  571.9094  755.1204  1115.359  1386.948  1512.315  1605.446  1645.665
509.0683  511.5553  512.4738  510.7256  575.0953  772.5391  1124.674  1397.367  1523.458  1617.147  1657.696
508.1877  510.6727  511.5904  509.8437  577.2679  788.9318  1133.968  1407.753  1533.712  1628.957  1668.768
507.3086  509.7913  510.7083  508.9630  578.5154  804.6213  1143.138  1418.052  1543.401  1640.715  1679.912
506.4164  508.8971  509.8133  508.0695  578.8056  818.7171  1151.354  1427.362  1552.188  1651.405  1690.174
505.4224  507.9010  508.8164  507.0740  534.3724  826.9732  1155.417  1434.011  1559.122  1660.439  1699.027
504.2702  506.7469  507.6617  505.9205  511.8580  829.4098  1154.095  1436.602  1562.894  1666.723  1705.523
503.1500  505.6248  506.5388  504.7990  506.4458  830.5637  1150.900  1436.712  1564.588  1670.573  1709.664
501.8272  504.3004  505.2138  503.4751  504.2461  831.5499  1147.855  1436.562  1565.745  1673.734  1713.194
500.4250  502.8966  503.8094  502.0718  502.6641  832.4569  1145.322  1436.659  1566.946  1676.855  1716.750
498.9709  501.4408  502.3530  500.6166  501.1725  833.0568  1142.576  1436.302  1567.763  1679.460  1719.833
497.2688  499.7374  500.6491  498.9136  500.6135  834.1219  1140.886  1436.786  1568.994  1682.497  1723.418
495.0334  497.5013  498.4127  496.6778  520.9627  845.9636  1149.788  1446.139  1577.612  1691.844  1734.355
493.7317  496.1977  497.1084  495.3749  524.0886  855.8994  1157.876  1454.208  1585.377  1699.919  1744.537
492.6610  495.1251  496.0351  494.3029  500.4983  854.0514  1154.776  1453.656  1586.414  1702.632  1747.525
490.5913  493.0547  493.9644  492.2327  510.9901  858.8654  1157.306  1456.843  1589.547  1707.008  1753.623
488.6505  491.1128  492.0222  490.2912  507.0667  865.8444  1163.935  1463.800  1596.362  1714.065  1763.341
486.9261  489.3872  490.2961  488.5659  492.4569  864.2043  1163.161  1465.762  1599.885  1718.763  1769.820
485.0236  487.4837  488.3922  486.6627  487.8867  861.5850  1160.317  1465.431  1600.807  1721.259  1772.930
483.6832  486.1419  487.0499  485.3214  486.0050  860.1650  1159.214  1466.595  1603.097  1724.775  1778.293
482.7520  485.2090  486.1163  484.3890  484.9614  854.0792  1157.496  1468.154  1606.535  1729.458  1785.080
481.8397  484.2949  485.2016  483.4756  484.0245  774.4068  1132.099  1453.849  1600.060  1728.122  1784.316
481.3486  483.8018  484.7078  482.9832  483.5270  709.3294  1107.821  1437.405  1589.729  1722.618  1779.339
480.7584  483.2097  484.1149  482.3917  482.9340  659.2377  1085.880  1420.516  1578.406  1715.683  1772.734
480.4006  482.8498  483.7543  482.0325  482.5740  622.2663  1020.937  1385.796  1557.593  1701.754  1759.710
480.3546  482.8014  483.7050  481.9848  482.5257  594.7930  906.8531  1331.148  1516.248  1674.271  1737.581
480.6307  483.0750  483.9777  482.2593  482.7996  576.4013  818.9191  1285.461  1478.173  1646.673  1715.192
481.1606  483.6021  484.5037  482.7873  483.3269  564.3585  751.6341  1246.839  1444.076  1620.747  1693.725
481.8447  484.2834  485.1840  483.4696  484.0085  556.4457  699.8550  1213.205  1412.918  1595.790  1672.507
482.4774  484.9133  485.8129  484.1004  484.6387  551.0673  660.9625  1183.963  1384.617  1571.917  1651.401
483.0426  485.4758  486.3744  484.6638  485.2015  547.4587  632.2817  1158.403  1358.837  1549.018  1630.285
483.5353  485.9659  486.8635  485.1548  485.6918  545.0565  611.1632  1135.611  1334.859  1524.508  1608.998
483.9626  486.3904  487.2871  485.5802  486.1167  543.4999  595.8134  1115.090  1312.429  1500.939  1587.729
484.3103  486.7357  487.6313  485.9263  486.4622  542.5566  585.2515  1097.309  1292.306  1479.529  1567.613
484.5988  487.0217  487.9165  486.2131  486.7485  542.0010  577.9026  1081.555  1273.894  1459.522  1548.416
484.8318  487.2523  488.1462  486.4446  486.9794  541.6865  572.7976  1067.458  1256.916  1440.693  1528.667
485.0097  487.4277  488.3207  486.6208  487.1551  541.5366  569.3611  1055.086  1241.597  1423.356  1509.502
485.1472  487.5630  488.4551  486.7568  487.2906  541.5012  567.0590  1044.117  1227.657  1407.261  1491.819
487.8795  490.2247  491.1149  489.4204  489.9529  536.4064  559.6965  978.3173  1167.392  1351.171  1445.679
490.9592  493.3524  494.2411  492.5494  493.0811  551.2568  589.0360  980.0553  1158.256  1331.941  1422.415
491.3932  493.7948  494.6828  492.9925  493.5238  557.0439  619.0005  994.1147  1165.993  1333.356  1419.541
492.3405  494.7413  495.6282  493.9400  494.4706  551.3868  643.4905  1002.008  1167.647  1328.865  1410.965
493.2521  495.6504  496.5361  494.8500  495.3800  547.8992  666.4245  1009.452  1169.367  1324.831  1403.140
494.1944  496.5899  497.4746  495.7905  496.3198  545.4446  686.7949  1015.305  1169.804  1319.776  1394.538
494.7761  497.1690  498.0528  496.3705  496.8992  544.5294  705.6278  1021.616  1171.594  1316.822  1388.477
495.0496  497.4403  498.3232  496.6425  497.1707  544.5742  723.2675  1028.376  1174.526  1315.574  1384.481
495.1501  497.5386  498.4207  496.7415  497.2693  544.8239  739.8380  1035.295  1178.159  1315.479  1381.880
495.0397  497.4261  498.3075  496.6298  497.1571  545.5438  755.1111  1042.486  1182.661  1316.755  1380.985
494.8360  497.2205  498.1011  496.4247  496.9516  546.0868  769.1329  1049.556  1187.510  1318.796  1381.043
494.6216  497.0040  497.8839  496.2090  496.7354  546.3987  781.6782  1056.174  1192.268  1321.099  1381.543
494.3301  496.7106  497.5897  495.9162  496.4422  546.7240  793.4803  1062.858  1197.388  1324.014  1382.763
493.9594  496.3379  497.2164  495.5442  496.0698  547.0278  804.4432  1069.550  1202.854  1327.556  1384.765
493.5420  495.9188  496.7965  495.1256  495.6508  547.3401  814.4463  1076.109  1208.471  1331.484  1387.294
493.0805  495.4554  496.3325  494.6629  495.1877  547.5469  823.6837  1082.561  1214.232  1335.739  1390.307
492.6073  494.9804  495.8568  494.1884  494.7128  547.6488  832.0934  1088.791  1219.976  1340.153  1393.632
492.1317  494.5030  495.3787  493.7117  494.2356  547.6565  839.7612  1094.803  1225.678  1344.676  1397.203
491.6576  494.0270  494.9021  493.2363  493.7599  547.5988  846.7494  1100.603  1231.321  1349.272  1400.984
491.1845  493.5522  494.4266  492.7621  493.2852  547.5019  853.1221  1106.210  1236.908  1353.920  1404.956
490.7103  493.0762  493.9500  492.2867  492.8095  547.3859  858.9410  1111.642  1242.428  1358.618  1409.103
490.2369  492.6010  493.4741  491.8121  492.3345  547.2337  864.2327  1116.869  1247.819  1363.334  1413.375
489.7590  492.1213  492.9938  491.3330  491.8550  547.0707  869.0622  1121.938  1253.110  1368.084  1417.783
489.2829  491.6435  492.5153  490.8557  491.3774  546.8950  873.4548  1126.830  1258.276  1372.834  1422.281
488.8096  491.1685  492.0397  490.3813  490.9026  546.7057  877.4592  1131.564  1263.320  1377.589  1426.864
488.3394  490.6965  491.5670  489.9099  490.4308  546.5169  881.1177  1136.154  1268.230  1382.357  1431.529
487.8622  490.2176  491.0874  489.4315  489.9520  546.3298  884.5036  1140.677  1273.091  1387.200  1436.335
487.4008  489.7544  490.6237  488.9690  489.4891  546.1136  887.5078  1144.927  1277.687  1391.885  1441.034
486.9384  489.2903  490.1589  488.5055  489.0252  545.8798  890.3063  1149.128  1282.243  1396.643  1445.852
486.4797  488.8299  489.6979  488.0457  488.5650  545.6321  892.8345  1153.162  1286.629  1401.325  1450.637
486.0246  488.3730  489.2404  487.5893  488.1083  545.3935  895.1454  1157.067  1290.883  1405.964  1455.419
485.5736  487.9204  488.7871  487.1373  487.6559  545.1762  897.2662  1160.840  1295.014  1410.551  1460.187
485.1243  487.4694  488.3354  486.6868  487.2050  544.9848  899.2319  1164.495  1299.073  1415.130  1464.985
484.6636  487.0070  487.8724  486.2250  486.7428  544.8088  901.0763  1168.093  1303.115  1419.768  1469.879
